1 + 1
1 - 1
2*4
5/2

x <- 2
x

x <- 3
x

x <- c(1, 2, 3)
x

1:150

x
x + 2
x

x*3
